"dNQ" "tNQ" "dN" "tN" "dFQ" "tFQ" "dNN" "tNN" "DD" "tDD"
"mean of x" -0.240141122702753 -2.18374994354336 -0.0619801432135154 -0.917788510318613 0.263706680238095 2.38561833565712 0.08489610264358 1.01301432152721 -0.329231229489533 -2.51938843512743
"2" -0.136937193536086 -1.62791909836218 -0.0619801432135154 -0.917788510318613 0.177194079196429 2.14726662390964 0.0894363546543038 1.0899218795324 -0.242718628447866 -2.25394317509128
"3" -0.229610607077753 -2.20815773005357 -0.0619801432135154 -0.917788510318613 0.289595625550595 2.84176694879336 0.110143853313821 1.32033221209296 -0.355120174802033 -2.87776339770268
"4" -0.225846756928943 -2.15081626136382 -0.0619801432135154 -0.917788510318613 0.284105108214286 2.76404807839134 0.105826161624813 1.28070412388491 -0.349629657465723 -2.81755404049513
"5" -0.0836555810360863 -1.03442696118135 -0.0619801432135154 -0.917788510318613 0.128538719821429 1.62028202893658 0.0952844109545719 1.1604527264999 -0.194063269072866 -1.85071551317468
"6" -0.247082876471561 -2.1900069677921 -0.0619801432135154 -0.917788510318613 0.298900277756903 2.6842376254272 0.102119357335269 1.23529244484242 -0.364424827008341 -2.76893458114236
"7" -0.154513921661086 -1.74375403711138 -0.0619801432135154 -0.917788510318613 0.211158116696429 2.4430593709865 0.10754820183929 1.3178353191189 -0.276682665947866 -2.50133509336862
"8" -0.0936104049944196 -1.15986367911417 -0.0619801432135154 -0.917788510318613 0.140117440654762 1.76600946342772 0.0981082795872797 1.19569299888905 -0.2056419899062 -1.95400379987807
"9" -0.20430050968192 -1.97773997228823 -0.0619801432135154 -0.917788510318613 0.241435206279762 2.39149617430615 0.0888470141717301 1.0759306995946 -0.3069597555312 -2.50777334452792
"10" -0.00834699457775298 -0.146272231249717 -0.0619801432135154 -0.917788510318613 0.0468594521130952 0.842267485297302 0.0995945798553762 1.18699436152965 -0.112384001364533 -1.26417438406902
"11" -0.140623339010224 -1.51580432093861 -0.0619801432135154 -0.917788510318613 0.204058821545567 2.25633231467954 0.113418906933124 1.38281550776737 -0.269583370797004 -2.36614236955938
