"dNQ" "tNQ" "dN" "tN" "dFQ" "tFQ" "dNN" "tNN" "DD" "tDD"
"mean of x" -0.00825039786887824 -0.214277339650522 -0.0619801432135154 -0.917788510318613 0.0155774774781423 0.412360018599427 0.0569817992800269 0.765351685785681 -0.077855909674667 -1.00487874088687
"2" -0.102639852755464 -1.43128472258837 -0.0619801432135154 -0.917788510318613 0.130002692592995 1.88802941796394 0.0570327350168549 0.809082452442263 -0.191958052047281 -1.992094691242
"3" -0.0768910306602062 -1.37726115611145 -0.0619801432135154 -0.917788510318613 0.101281696228949 1.92834899419534 0.0656585996886121 0.927972594533462 -0.1638524211084 -1.9187397790722
"4" -0.0111152291675727 -0.323491501087805 -0.0619801432135154 -0.917788510318613 0.0366267780169602 1.19641278151471 0.0644901202988094 0.887829756211187 -0.0986920817017702 -1.31197315571925
"5" -0.0194795089240415 -0.549010666419798 -0.0619801432135154 -0.917788510318613 0.012246472662334 0.353437281494323 0.043679277403677 0.562795009062752 -0.0751223136378594 -0.977947599565435
"6" -0.0431426006551248 -0.799682366437404 -0.0619801432135154 -0.917788510318613 0.0577888845326816 1.08838123383137 0.0549376272540549 0.733852113479286 -0.119293075875548 -1.3853559120299
"7" -0.0112458584927883 -0.210799507875742 -0.0619801432135154 -0.917788510318613 0.000706504509837085 0.0134465887643115 0.0418656912766337 0.539039293229642 -0.0633484535523335 -0.735706511161343
"8" -0.0469448176296054 -0.852321116542814 -0.0619801432135154 -0.917788510318613 0.0927388132517839 1.76705567169252 0.0818092970634159 1.13388189951288 -0.155500885913741 -1.81192899695472
"9" -0.124954482472537 -1.74904256932923 -0.0619801432135154 -0.917788510318613 0.142054180287376 2.0308913057568 0.0605773776322296 0.818245383097517 -0.203391656691218 -2.08076160834796
"10" -0.0823660397459593 -1.1865266051479 -0.0619801432135154 -0.917788510318613 0.0911718045854407 1.31878711789437 0.0479932434446176 0.642660005832187 -0.153813753627937 -1.61503952399307
"11" 0.0108582657641371 0.35134078043114 -0.0619801432135154 -0.917788510318613 0.0192352171476447 0.774750284447617 0.0709597264273464 0.960788654385544 -0.0811905766019306 -1.11893873359778
