
================================================================================================
Date       Latitude Longtitude Magnitude (Richter scale) Depth(km) Stricken firms Neighbor firms
------------------------------------------------------------------------------------------------
2007/06/02  23.03     101.05             6.10                5           1              1       
2008/05/12  31.94     104.45             7.90               19           40            356      
2008/05/25  32.56     105.42             6.10               18           0             134      
2008/08/05  32.76     105.49               6                 6           0             105      
2008/08/21  25.04     97.70                6                10           0              1       
2008/08/30  26.24     101.89               6                11           0              16      
2008/11/10  37.56     95.83              6.30               19           0              1       
2009/08/28  37.70     95.72              6.30               13           0              1       
2010/04/13  33.20     96.45              6.90              7.60          0              30      
2012/06/29  43.43     84.70              6.30               18           23             3       
2013/04/20  30.31     102.89               7                14           0             163      
2014/02/12  35.91     82.59              6.90               10           0              4       
2014/08/03  27.19     103.41             6.20               12           0              75      
2014/10/07  23.38     100.47             6.10              8.51          0              15      
2015/07/03  37.46     78.15              6.40               20           0              0       
2016/12/08  43.82     86.35                6               17.55         0              19      
------------------------------------------------------------------------------------------------
